01B  0.891  0.908  3.981  3.498
02B  0.894  0.889  3.641  3.370
03B  0.881  0.879  3.242  3.303
04B  0.860  0.877  3.332  3.320
05B  0.878  0.893  3.551  3.675
06B  0.877  0.875  3.623  3.482
07B  0.896  0.907  3.284  3.323
08B  0.891  0.893  3.355  3.366
09B  0.916  0.895  3.329  3.294
10B  0.890  0.872  3.516  3.354
11B  0.867  0.872  3.548  3.331
12B  0.903  0.881  3.424  3.461
13B  0.859  0.860  3.771  3.419
14B  0.891  0.902  3.709  3.516
15B  0.889  0.873  3.378  3.364
16B  0.893  0.906  3.357  3.314
01R  1.031  0.907  5.353  4.221
02R  1.106  1.055  4.610  4.022
03R  0.942  0.955  3.779  3.779
04R  1.043  1.075  3.984  4.281
05R  1.078  1.055  4.622  3.997
06R  0.988  0.981  4.231  3.899
07R  1.127  1.189  3.977  4.317
08R  0.988  1.002  3.984  3.911
09R  1.003  0.998  4.390  4.492
10R  1.120  1.100  4.826  4.774
11R  1.030  1.044  4.248  3.969
12R  1.118  1.120  4.251  4.996
13R  1.018  1.131  4.062  4.405
14R  0.990  0.993  4.388  4.018
15R  1.253  1.288  4.854  4.928
16R  1.015  0.934  4.384  3.856
